5.65008781718144 0.000624773325398564 0.0104671118315309
6.37485250286778 0.0246136845089495 0.0607205715496093
6.31865861862048 0.0420595335308462 0.0766911653336138
6.19565499411181 0.0455564993899316 0.0910439998842776
5.67450841216257 0.0458311666734517 0.111096461303532
6.526206315166 0.0935949867125601 0.141906907781959
6.17006541270546 0.0948406609240919 0.142294295597821
5.78014584957767 0.102864644257352 0.147094690939412
6.34492292773999 0.102924682665616 0.152346616843715
7.0868772969466 0.111135424347594 0.154202300822362
6.00359568391649 0.12189925997518 0.183828490786254
6.67009095024468 0.127531650243327 0.18384952400811
5.00648616311973 0.130695691565052 0.216892762808129
5.86865078842943 0.13880606344901 0.21799066872336
6.17097239748989 0.142800022382289 0.219767631264403
6.08695995275086 0.147113647311926 0.221102937823161
5.86095172569557 0.152444747742265 0.231161782052368
5.55841739294904 0.175052650272846 0.239099955651909
5.42876011953868 0.187691119266674 0.245723678031936
5.44366586950468 0.20653138961643 0.246448994148523
5.70958916098127 0.216407935833558 0.265017806086689
5.1906043624349 0.220118885161355 0.26503273146227
5.43954233715654 0.231625785352662 0.265686686849222
5.401143112785 0.233034099452198 0.274166621500626
5.97046689896501 0.243619472719729 0.301228899974376
4.6088158167911 0.24608773435466 0.307720010867342
4.9684555462312 0.265972640365362 0.31170220207423
4.85669313952723 0.27438364457339 0.312448164913803
4.16156240006591 0.287577520124614 0.319820617092773
4.57142246196994 0.28915973729454 0.321482756407931
4.95950740314484 0.318181007634848 0.332823540316895
4.11486781844003 0.320373242488131 0.353904571849853
3.82284574897808 0.327920719282702 0.355445380788296
3.23899591591823 0.343516472261399 0.369488865835592
2.29616316437866 0.351797909243032 0.372238060226664
3.64991008784055 0.368845450924709 0.374713956611231
2.11193105890386 0.374462775886059 0.387909029843286
3.11466174926213 0.379816537722945 0.389994435245171
3.47697285383859 0.383969637798145 0.404510281747207
1.40128980631334 0.4089769218117 0.406832593260333
2.37099746747559 0.413724326295778 0.409474952612072
1.86345303522664 0.414546335814521 0.410689776530489
1.1375586007082 0.417646779678762 0.41274611861445
0.650597955250196 0.434892741497606 0.439431536244228
0.485396787303855 0.439831687603146 0.44476800202392
0.866341136393764 0.442200074205175 0.466532702324912
0.243436605258966 0.448516341391951 0.481289800489321
1.22833325851775 0.453334156190977 0.4829023971688
1.86543177314396 0.456614735303447 0.488613033667207
-0.00644014598409148 0.465962450252846 0.497527267085388
1.01584554882977 0.46677904156968 0.502299563260749
0.874344555612097 0.475316574098542 0.521135725779459
0.635840443060837 0.477795971091837 0.529835685854778
-0.653918047128307 0.511505459900945 0.533687945455313
-0.444060549678408 0.528105488047004 0.549284656066447
-0.716571469846479 0.544066024711356 0.564590434776619
-0.369992187663225 0.551435014465824 0.571935313986614
-0.998219267927031 0.560947983758524 0.572867058217525
-0.446457544569527 0.572633401956409 0.581750099780038
-1.43771644438184 0.59414202044718 0.585483353119344
-0.914049409072953 0.612771003274247 0.594343194039539
-2.12859148363567 0.629221131559461 0.59998895926401
-2.27436100884642 0.640506813768297 0.608734982321039
-0.0527474529402363 0.653101925039664 0.618017873261124
-1.89359993365028 0.655705799115822 0.619256483390927
-1.5375957651469 0.656758127966896 0.619993310188875
-1.31905743707306 0.665115194628015 0.629973053466529
-1.64828168421496 0.66805558744818 0.64789347932674
-1.19981926692279 0.677570635452867 0.64998515881598
-1.22942479579766 0.690705278422683 0.659230324206874
-1.52608945668944 0.6928034061566 0.65983844967559
-1.33960115948197 0.708530468167737 0.668284649727866
-1.31910461859657 0.710182401351631 0.672999092610553
-0.03937531330566 0.753307864302769 0.690007101511583
-1.14672239426923 0.754475158639252 0.70829032221809
-1.09486091157835 0.758459537522867 0.720596273429692
-0.255594802085397 0.782294301316142 0.73213520552963
-0.00209097457536919 0.788195834029466 0.737077737925574
0.122651121502752 0.788305135443807 0.740334360394627
-0.178184341216587 0.794342321110889 0.746568004135042
0.267909542831917 0.795467417687178 0.786281551700085
2.08027380573491 0.798924845643342 0.821805460145697
1.64007472474766 0.810064353048801 0.839767764788121
1.44548819549561 0.812389509519562 0.842729318886995
1.85020209654516 0.814640038879588 0.847453165100887
2.52868066698324 0.857827715342864 0.86364411143586
3.66022894216135 0.883017404004931 0.874682342866436
3.39503080635926 0.886469060787931 0.890350222121924
3.78627342063554 0.889539316063747 0.891394117148593
3.32108481551506 0.892419044394046 0.901874389499426
3.80428800351814 0.893051114398986 0.913188223028556
3.57643083288414 0.895045359153301 0.914438186911866
4.03677127734661 0.899824970401824 0.935299803270027
3.59450051829625 0.902299045119435 0.937314089154825
4.08805870742066 0.940467284293845 0.947726940037683
6.02870803032723 0.954503649147227 0.95409123855643
5.37471972598277 0.956833345349878 0.954473827499896
4.6595620567975 0.963024232536554 0.979821917368099
5.39654970581328 0.984956979984418 0.984219203470275
5.28706966693412 0.994269776623696 0.985640884377062
